6209
504   415   5
370   396   5
239   185   5
55   418   5
238   72   5
384   242   5
406   252   5
381   404   5
465   348   5
424   282   5
369   385   5
257   485   5
321   509   5
103   242   5
197   29   5
364   200   5
196   159   5
81   242   5
321   461   5
0   178   5
70   396   5
460   93   5
471   485   5
210   159   5
23   385   5
108   200   5
103   185   5
448   290   5
280   415   5
406   345   5
146   123   5
197   482   5
88   345   5
330   159   5
124   385   5
28   72   5
280   485   5
402   159   5
85   276   5
304   385   5
468   177   5
0   461   5
267   404   5
469   345   5
228   15   5
31   319   5
273   415   5
113   415   5
254   185   5
209   177   5
370   418   5
437   477   5
27   185   5
23   29   5
258   276   5
77   265   5
310   200   5
267   418   5
316   411   5
218   39   5
284   461   5
307   477   5
427   185   5
329   276   5
43   29   5
326   265   5
105   177   5
217   252   5
105   345   5
133   488   5
312   415   5
25   488   5
295   282   5
335   396   5
370   485   5
318   348   5
504   29   5
126   15   5
459   93   5
481   93   5
119   418   5
257   501   5
71   39   5
407   39   5
430   49   5
190   200   5
332   418   5
74   185   5
57   319   5
413   485   5
446   252   5
162   123   5
97   159   5
406   242   5
208   319   5
107   265   5
121   348   5
96   259   5
19   396   5
285   159   5
469   282   5
214   415   5
198   509   5
223   72   5
62   276   5
238   319   5
456   65   5
459   29   5
308   403   4
175   142   1
463   404   5
328   290   5
449   477   5
408   29   5
175   404   4
69   444   5
14   477   5
145   15   5
474   265   5
275   415   5
346   177   5
317   348   5
272   39   5
40   415   5
165   477   5
357   15   5
349   39   5
95   276   5
26   29   5
504   418   5
271   415   5
96   185   5
354   39   5
420   385   5
95   177   5
331   404   5
339   29   5
129   72   5
223   185   5
54   200   5
226   200   5
217   159   5
160   268   5
387   396   5
101   29   5
313   290   5
295   396   5
235   251   5
354   411   5
305   49   5
234   411   5
102   404   5
503   49   5
516   418   5
115   39   5
475   509   5
349   415   5
169   49   5
148   268   5
245   39   5
445   415   5
91   444   5
425   123   5
12   177   5
50   444   5
278   39   5
30   123   5
154   488   5
332   488   5
490   399   5
512   418   5
78   385   5
217   399   5
457   399   5
247   93   5
452   185   5
139   461   0
165   15   5
204   177   5
181   268   5
148   485   5
254   488   5
187   485   5
20   252   5
419   411   4
310   415   5
231   93   5
35   348   5
256   485   5
62   319   5
490   252   5
355   268   5
62   200   5
254   49   5
515   319   5
125   501   5
88   93   5
168   242   5
334   509   5
160   259   5
288   276   5
473   202   5
90   396   5
168   200   5
111   411   5
512   200   5
12   396   5
232   178   5
380   319   5
277   259   5
40   348   5
441   29   5
13   252   5
248   276   5
307   177   5
422   415   5
207   202   5
42   39   5
255   411   5
107   276   5
288   461   5
207   290   5
223   177   5
417   348   5
492   444   5
219   379   5
453   282   5
358   415   5
14   399   5
383   202   5
206   72   5
231   345   5
267   399   5
25   282   5
174   178   5
456   319   5
19   265   5
435   385   5
408   123   5
176   93   5
17   379   5
472   477   5
266   265   5
145   444   5
368   485   5
417   345   5
249   93   5
505   93   5
152   123   5
459   385   5
261   39   5
63   65   5
517   177   5
494   177   5
383   15   5
370   276   5
336   252   5
163   415   5
17   178   5
436   29   5
144   276   5
56   276   5
107   399   5
226   159   5
439   72   5
75   501   5
506   202   5
296   488   5
122   15   5
291   72   5
81   202   5
383   290   5
11   65   5
165   178   5
388   93   5
428   132   6
19   159   5
167   477   5
377   509   5
70   411   5
173   185   5
419   498   1
427   348   5
154   482   5
189   319   5
231   379   5
350   501   5
343   268   5
147   418   5
285   396   5
122   488   5
402   488   5
286   178   5
490   415   5
196   477   5
324   185   5
88   65   5
78   29   5
108   251   5
223   501   5
318   276   5
192   290   5
400   482   5
513   348   4
220   123   5
447   72   5
203   202   5
397   49   5
426   177   5
214   348   5
326   202   5
88   268   5
139   290   0
122   485   5
137   123   5
118   178   5
105   482   5
349   379   5
358   93   5
24   39   5
180   290   5
95   159   5
369   49   5
517   268   5
460   177   5
13   348   5
332   268   5
302   404   5
472   123   5
35   159   5
284   29   5
47   477   5
408   259   5
237   345   5
328   396   5
103   72   5
41   404   5
83   292   5
288   345   5
231   178   5
53   276   5
255   93   5
81   49   5
257   399   5
193   159   5
27   123   5
243   482   5
468   482   5
384   415   5
473   319   5
245   477   5
137   348   5
448   177   5
277   418   5
457   385   5
115   444   5
215   268   5
38   319   5
55   178   5
374   159   5
274   348   5
103   177   5
58   485   5
150   319   5
141   444   5
158   411   5
401   399   5
332   65   5
278   509   5
449   72   5
41   485   5
471   202   5
515   385   5
316   488   5
359   411   5
208   15   5
295   411   5
505   242   5
468   200   5
206   461   5
496   93   5
70   93   5
154   477   5
221   65   5
156   200   5
128   159   5
9   15   5
359   123   5
256   29   5
321   15   5
374   418   5
285   185   5
346   348   5
310   461   5
440   185   5
364   348   5
357   509   5
515   39   5
113   345   5
134   488   5
148   418   5
443   290   5
329   185   5
397   488   5
47   259   5
211   268   5
104   348   5
20   399   5
211   200   5
97   385   5
332   415   5
493   282   5
445   404   5
220   385   5
134   200   5
368   399   5
141   251   5
138   93   5
232   185   5
180   396   5
22   242   5
343   39   5
170   268   5
357   399   5
151   282   5
239   290   5
182   385   5
449   177   5
457   348   5
103   415   5
298   396   5
75   348   5
67   185   5
165   268   5
107   404   5
186   415   5
270   265   5
176   348   5
422   477   5
358   411   5
141   501   5
117   461   4
225   185   5
470   477   5
245   185   5
235   444   5
211   65   5
471   276   5
208   501   5
139   501   0
491   282   5
54   385   5
481   159   5
141   29   5
104   159   5
138   282   5
436   39   5
166   49   5
4   411   5
356   399   5
263   477   5
324   345   5
452   200   5
503   177   5
329   379   5
58   200   5
170   396   5
152   39   5
270   159   5
62   252   5
34   15   5
304   404   5
91   265   5
483   485   5
143   93   5
125   399   5
457   290   5
471   385   5
32   276   5
30   251   5
275   509   5
111   348   5
99   415   5
203   319   5
510   93   5
90   177   5
118   396   5
115   482   5
180   123   5
264   177   5
310   444   5
466   348   5
156   509   5
349   488   5
111   259   5
248   93   5
424   29   5
313   72   5
287   72   5
333   268   5
194   461   5
116   444   5
266   268   5
346   418   5
352   251   5
90   93   5
161   185   5
355   488   5
158   49   5
409   348   5
309   276   5
369   418   5
508   200   5
78   444   5
511   485   5
277   509   5
46   404   5
148   259   5
28   49   5
32   348   5
332   276   5
80   268   5
484   265   5
263   482   5
508   282   5
6   488   5
27   485   5
7   265   5
397   282   5
301   385   5
394   242   5
246   72   5
106   509   5
350   282   5
215   123   5
267   282   5
450   178   5
493   345   5
293   177   5
220   404   5
197   177   5
443   159   5
293   282   5
368   290   5
151   385   5
316   348   5
173   242   5
205   501   5
56   444   5
398   488   5
281   509   5
19   415   5
508   396   5
206   65   5
121   251   5
298   39   5
371   488   5
288   178   5
32   49   5
346   65   5
507   461   5
151   49   5
161   259   5
353   178   5
346   276   5
11   159   5
221   251   5
43   348   5
311   242   5
311   159   5
355   485   5
75   123   5
460   39   5
490   290   5
84   200   5
445   488   5
147   159   5
169   251   5
55   319   5
486   185   5
243   200   5
237   72   5
116   72   5
216   348   5
432   250   4
71   276   5
423   415   5
155   482   5
103   485   5
460   29   5
362   455   1
386   265   5
80   348   5
517   461   5
20   15   5
401   415   5
218   276   5
108   415   5
435   482   5
104   482   5
45   268   5
116   399   5
476   29   5
192   411   5
255   485   5
19   93   5
135   39   5
97   202   5
500   415   5
439   276   5
148   461   5
76   72   5
453   488   5
156   404   5
291   396   5
161   268   5
239   319   5
326   123   5
148   399   5
237   348   5
304   411   5
383   396   5
314   259   5
247   123   5
7   485   5
4   282   5
419   391   1
157   268   5
62   93   5
18   93   5
206   501   5
38   485   5
267   290   5
187   276   5
388   396   5
304   444   5
305   396   5
61   265   5
426   15   5
225   418   5
490   39   5
62   418   5
179   444   5
214   202   5
475   282   5
368   418   5
86   482   5
412   212   1
401   290   5
401   385   5
135   509   5
381   444   5
500   159   5
9   178   5
395   418   5
334   415   5
288   123   5
116   348   5
334   185   5
328   276   5
398   345   5
43   501   5
483   345   5
354   265   5
306   268   5
146   411   5
393   251   5
157   411   5
414   418   5
81   379   5
13   259   5
451   185   5
473   488   5
90   252   5
296   485   5
208   404   5
284   276   5
321   178   5
302   319   5
162   202   5
14   15   5
23   93   5
17   509   5
125   65   5
491   185   5
324   404   5
492   461   5
113   477   5
439   123   5
120   159   5
492   385   5
101   396   5
128   348   5
222   348   5
227   123   5
220   396   5
372   485   5
392   268   5
326   49   5
441   292   5
327   39   5
0   242   5
44   415   5
462   251   5
343   123   5
122   379   5
119   259   5
158   252   5
278   93   5
13   265   5
442   290   5
137   72   5
495   123   5
263   177   5
192   418   5
486   268   5
284   251   5
373   178   4
338   348   5
209   282   5
318   482   5
407   345   5
333   385   5
462   399   5
41   509   5
512   415   5
330   123   5
293   200   5
128   200   5
227   385   5
235   418   5
103   319   5
150   276   5
79   268   5
20   488   5
343   93   5
90   385   5
225   202   5
294   265   5
307   404   5
27   72   5
13   415   5
311   39   5
190   252   5
321   65   5
217   268   5
105   242   5
368   252   5
463   444   5
80   202   5
429   29   5
333   418   5
163   485   5
332   477   5
66   399   5
254   72   5
82   202   5
354   444   5
55   185   5
451   39   5
270   178   5
280   29   5
452   123   5
511   265   5
16   29   5
381   290   5
441   396   5
246   396   5
28   259   5
133   290   5
427   485   5
472   348   5
223   39   5
40   411   5
422   319   5
229   411   5
367   159   5
413   39   5
429   348   5
3   482   5
483   482   5
369   65   5
458   415   5
12   399   5
240   39   5
80   396   5
53   185   5
499   276   5
231   268   5
23   348   5
213   177   5
122   404   5
233   185   5
108   185   5
192   49   5
401   477   5
245   399   5
381   319   5
445   177   5
301   39   5
115   177   5
262   159   5
360   29   5
327   29   5
354   488   5
486   379   5
144   49   5
457   29   5
256   178   5
127   482   5
58   72   5
355   29   5
260   185   5
349   65   5
261   93   5
332   39   5
245   418   5
466   159   5
471   501   5
295   65   5
141   488   5
143   178   5
83   482   5
243   348   5
240   65   5
52   461   5
34   276   5
370   290   5
417   477   5
372   411   5
394   461   5
326   411   5
102   396   5
381   396   5
495   177   5
189   265   5
26   242   5
317   177   5
184   348   5
4   488   5
274   345   5
27   411   5
383   477   5
192   202   5
494   259   5
454   39   5
356   29   5
213   396   5
194   485   5
136   185   5
0   444   5
181   29   5
239   488   5
400   290   5
122   399   5
111   178   5
77   348   5
267   411   5
395   345   5
173   415   5
141   39   5
502   93   5
504   385   5
503   418   5
30   461   5
238   49   5
426   49   5
462   268   5
301   259   5
496   39   5
484   123   5
440   282   5
374   49   5
211   488   5
323   117   0
154   348   5
101   399   5
380   185   5
364   488   5
160   348   5
249   444   5
349   461   5
472   72   5
470   242   5
484   177   5
469   418   5
116   319   5
37   461   5
442   319   5
34   93   5
287   178   5
101   159   5
446   39   5
16   93   5
457   251   5
7   396   5
85   488   5
442   123   5
56   411   5
330   39   5
355   461   5
296   259   5
284   242   5
495   509   5
429   411   5
459   268   5
323   347   1
222   252   5
16   265   5
423   178   5
419   282   4
481   348   5
468   268   5
197   319   5
256   444   5
453   509   5
264   15   5
387   49   5
412   514   1
107   501   5
69   379   5
386   444   5
264   418   5
453   251   5
226   396   5
445   276   5
483   488   5
14   72   5
426   29   5
158   178   5
471   444   5
245   265   5
287   411   5
46   242   5
302   123   5
503   276   5
316   185   5
210   242   5
105   379   5
188   177   5
515   268   5
440   461   5
384   72   5
31   177   5
426   259   5
83   200   5
459   348   5
221   268   5
189   159   5
426   501   5
121   415   5
105   444   5
375   29   5
355   202   5
58   488   5
309   399   5
256   159   5
43   488   5
414   415   5
180   177   5
222   482   5
148   252   5
350   200   5
270   251   5
151   251   5
462   185   5
173   282   5
113   200   5
487   379   5
249   29   5
180   418   5
46   385   5
189   444   5
40   418   5
83   49   5
227   49   5
188   200   5
395   15   5
397   259   5
14   415   5
143   415   5
412   501   4
456   411   5
205   282   5
173   252   5
325   276   5
38   385   5
318   15   5
353   185   5
207   411   5
67   399   5
366   345   5
504   268   5
453   396   5
17   15   5
88   488   5
155   509   5
157   488   5
486   415   5
34   348   5
458   379   5
353   396   5
186   488   5
384   379   5
360   265   5
76   265   5
225   268   5
2   159   5
473   477   5
55   399   5
247   29   5
207   259   5
289   501   4
358   292   5
245   15   5
507   482   5
95   509   5
366   185   5
377   268   5
34   49   5
492   418   5
104   177   5
160   444   5
120   509   5
27   418   5
255   461   5
143   348   5
76   404   5
5   509   5
167   159   5
318   185   5
435   399   5
494   29   5
203   444   5
47   177   5
373   131   4
355   259   5
381   348   5
237   477   5
460   72   5
491   65   5
371   385   5
63   252   5
446   396   5
125   242   5
38   282   5
144   396   5
83   123   5
324   319   5
470   178   5
378   411   5
215   411   5
367   399   5
62   178   5
392   379   5
96   93   5
458   259   5
458   276   5
124   396   5
518   93   5
35   488   5
249   200   5
359   251   5
295   399   5
357   177   5
293   268   5
232   348   5
44   379   5
24   461   5
108   65   5
45   15   5
471   177   5
338   399   5
51   29   5
167   177   5
321   399   5
62   482   5
134   29   5
126   461   5
327   348   5
27   202   5
266   501   5
506   268   5
227   259   5
148   396   5
71   93   5
398   185   5
456   396   5
408   178   5
25   276   5
457   123   5
33   404   5
235   482   5
272   159   5
227   93   5
67   15   5
299   159   5
265   498   2
448   482   5
122   396   5
387   178   5
317   93   5
324   268   5
4   178   5
129   276   5
45   461   5
505   39   5
238   185   5
203   159   5
271   93   5
367   177   5
53   177   5
46   123   5
181   65   5
92   461   5
384   418   5
152   444   5
440   348   5
80   200   5
95   200   5
397   461   5
220   411   5
384   259   5
52   418   5
8   282   5
500   268   5
453   202   5
118   185   5
310   501   5
350   159   5
155   177   5
296   501   5
155   477   5
466   93   5
361   404   5
64   15   5
220   265   5
306   488   5
42   418   5
273   509   5
86   242   5
287   39   5
67   488   5
507   444   5
360   93   5
217   290   5
104   265   5
24   268   5
395   415   5
302   348   5
67   123   5
51   477   5
286   501   5
249   348   5
466   29   5
181   39   5
437   202   5
197   477   5
53   418   5
106   265   5
86   399   5
508   418   5
448   488   5
273   15   5
132   98   2
257   276   5
244   242   5
56   415   5
23   282   5
389   482   5
271   49   5
437   396   5
14   319   5
62   509   5
124   276   5
113   461   5
126   509   5
384   444   5
313   348   5
234   39   5
231   396   5
269   65   5
389   385   5
333   178   5
490   185   5
369   396   5
473   404   5
187   348   5
307   385   5
204   65   5
462   461   5
322   29   5
136   252   5
476   159   5
463   485   5
101   477   5
106   177   5
135   415   5
81   65   5
492   276   5
214   461   5
423   485   5
88   485   5
474   345   5
179   404   5
118   159   5
275   282   5
468   348   5
515   415   5
23   488   5
453   477   5
111   29   5
447   93   5
228   319   5
375   282   5
349   396   5
497   488   5
125   319   5
260   509   5
27   319   5
288   477   5
417   202   5
375   396   5
318   282   5
280   178   5
71   29   5
310   15   5
211   177   5
244   72   5
454   159   5
429   265   5
491   379   5
228   265   5
216   39   5
12   348   5
188   265   5
207   178   5
357   477   5
443   396   5
392   396   5
245   488   5
316   379   5
356   39   5
108   276   5
221   93   5
397   265   5
398   477   5
238   259   5
397   345   5
154   319   5
375   385   5
409   123   5
107   396   5
487   415   5
317   29   5
274   379   5
511   123   5
331   501   5
187   396   5
318   259   5
328   252   5
388   265   5
452   345   5
262   415   5
145   177   5
87   242   5
497   418   5
157   348   5
6   477   5
67   49   5
516   202   5
158   200   5
381   385   5
233   268   5
486   265   5
512   49   5
367   488   5
339   444   5
378   200   5
222   178   5
316   72   5
326   93   5
359   178   5
245   290   5
508   415   5
389   29   5
450   292   5
116   385   5
302   385   5
106   348   5
204   385   5
31   93   5
504   178   5
116   501   5
208   242   5
361   72   5
18   185   5
462   509   5
270   461   5
353   159   5
312   159   5
420   282   5
287   282   5
496   501   5
296   177   5
238   251   5
89   290   4
210   345   5
106   29   5
336   39   5
471   185   5
193   385   5
437   265   5
42   177   5
484   252   5
450   415   5
274   488   5
57   292   5
139   509   0
257   123   5
205   319   5
452   268   5
33   348   5
269   123   5
107   159   5
208   276   5
137   415   5
402   276   5
54   252   5
144   485   5
450   488   5
312   461   5
40   396   5
388   482   5
420   488   5
4   242   5
387   411   5
216   93   5
361   178   5
248   123   5
216   276   5
136   159   5
44   65   5
136   485   5
166   268   5
3   15   5
270   177   5
270   202   5
102   385   5
148   477   5
394   65   5
492   477   5
350   65   5
62   348   5
448   444   5
133   251   5
106   501   5
112   177   5
209   461   5
359   93   5
333   444   5
143   485   5
277   477   5
313   477   5
370   65   5
275   251   5
395   385   5
507   385   5
334   65   5
196   482   5
192   242   5
181   348   5
174   39   5
413   177   5
77   488   5
493   415   5
369   200   5
172   49   5
238   123   5
79   399   5
388   185   5
360   319   5
430   72   5
74   72   5
288   290   5
426   268   5
478   185   5
382   348   5
307   265   5
316   282   5
241   276   5
38   509   5
38   404   5
102   29   5
58   159   5
457   178   5
37   399   5
474   15   5
138   379   5
330   282   5
291   202   5
435   15   5
119   509   5
445   348   5
216   202   5
69   72   5
361   345   5
496   461   5
466   485   5
84   49   5
88   411   5
490   488   5
406   178   5
293   202   5
501   212   2
50   379   5
194   379   5
413   242   5
413   15   5
126   159   5
304   488   5
476   268   5
429   72   5
233   159   5
172   396   5
377   444   5
209   290   5
296   399   5
387   242   5
227   72   5
458   411   5
435   29   5
370   251   5
114   404   5
22   411   5
499   178   5
125   415   5
249   268   5
402   482   5
305   268   5
155   159   5
173   268   5
41   415   5
484   477   5
154   282   5
374   123   5
275   418   5
115   477   5
255   202   5
302   509   5
419   276   4
33   418   5
382   268   5
87   292   5
513   268   4
277   282   5
4   251   5
56   123   5
34   415   5
392   276   5
491   418   5
413   415   5
64   200   5
321   345   5
115   488   5
510   482   5
507   404   5
447   404   5
253   15   5
500   29   5
453   399   5
38   15   5
233   345   5
2   415   5
122   251   5
0   485   5
426   461   5
270   348   5
157   29   5
133   379   5
52   276   5
398   509   5
134   178   5
120   396   5
165   65   5
388   477   5
107   415   5
277   501   5
147   477   5
219   399   5
113   485   5
288   319   5
400   319   5
365   39   5
88   252   5
188   348   5
156   290   5
508   268   5
286   93   5
108   93   5
92   411   5
238   290   5
471   200   5
228   268   5
471   265   5
42   123   5
197   404   5
127   177   5
409   159   5
497   200   5
95   268   5
430   488   5
392   319   5
204   259   5
487   268   5
150   399   5
307   282   5
393   290   5
510   159   5
486   290   5
302   65   5
165   49   5
494   282   5
420   202   5
275   501   5
61   379   5
194   259   5
104   396   5
507   485   5
354   418   5
422   348   5
221   123   5
89   444   4
388   72   5
419   265   4
103   399   5
214   396   5
246   482   5
502   15   5
510   501   5
9   65   5
275   319   5
473   159   5
442   444   5
132   177   0
31   509   5
370   461   5
151   418   5
92   185   5
23   444   5
82   29   5
360   177   5
291   404   5
423   200   5
182   415   5
380   251   5
457   65   5
254   415   5
154   290   5
408   93   5
273   399   5
189   39   5
190   15   5
494   477   5
91   276   5
99   178   5
237   292   5
367   415   5
105   65   5
13   276   5
516   200   5
27   379   5
497   276   5
52   202   5
189   202   5
364   461   5
114   276   5
104   202   5
331   159   5
497   319   5
136   379   5
219   39   5
209   415   5
140   164   2
401   488   5
18   399   5
262   404   5
408   39   5
121   93   5
222   93   5
63   385   5
42   290   5
176   385   5
0   185   5
254   501   5
28   319   5
119   404   5
137   185   5
333   202   5
86   39   5
257   177   5
499   29   5
232   379   5
256   509   5
166   444   5
4   265   5
271   461   5
32   501   5
287   488   5
215   251   5
363   265   5
151   379   5
294   268   5
99   290   5
402   501   5
397   509   5
366   411   5
363   39   5
494   396   5
33   292   5
502   72   5
339   415   5
81   251   5
353   276   5
95   251   5
196   379   5
301   242   5
172   444   5
428   320   2
108   159   5
82   72   5
17   265   5
291   178   5
7   123   5
469   93   5
172   200   5
296   252   5
33   72   5
435   485   5
388   178   5
143   282   5
172   123   5
32   185   5
388   282   5
515   399   5
389   159   5
165   396   5
163   49   5
206   177   5
440   251   5
291   15   5
148   379   5
106   200   5
84   461   5
75   461   5
133   292   5
172   159   5
397   65   5
496   418   5
394   396   5
438   501   4
99   444   5
188   485   5
515   259   5
255   404   5
96   178   5
17   93   5
481   15   5
96   396   5
339   396   5
436   268   5
105   200   5
354   461   5
36   265   5
246   418   5
423   39   5
244   93   5
150   178   5
63   39   5
384   178   5
132   268   0
24   185   5
30   396   5
194   488   5
12   93   5
331   200   5
453   411   5
33   411   5
194   123   5
25   251   5
55   348   5
448   259   5
478   461   5
518   177   5
492   482   5
427   385   5
90   202   5
3   177   5
365   200   5
407   485   5
375   268   5
5   477   5
393   501   5
490   268   5
138   319   5
357   385   5
57   348   5
103   379   5
516   290   5
187   418   5
296   72   5
254   242   5
206   159   5
468   444   5
494   93   5
456   200   5
366   404   5
78   178   5
238   404   5
46   379   5
458   242   5
174   185   5
246   379   5
448   509   5
48   29   5
291   399   5
291   276   5
35   404   5
517   39   5
58   178   5
111   72   5
33   444   5
18   202   5
22   292   5
497   39   5
152   509   5
290   183   2
277   29   5
346   185   5
338   251   5
352   461   5
456   418   5
309   379   5
233   178   5
186   93   5
427   49   5
463   396   5
233   396   5
79   282   5
393   319   5
2   268   5
307   123   5
153   404   5
365   178   5
279   428   0
394   177   5
129   200   5
58   29   5
307   72   5
243   319   5
253   93   5
51   178   5
460   200   5
394   259   5
194   185   5
363   501   5
388   123   5
244   411   5
63   268   5
52   415   5
228   348   5
481   39   5
278   252   5
165   399   5
422   411   5
346   461   5
454   396   5
17   411   5
324   461   5
20   177   5
443   72   5
353   268   5
309   177   5
193   72   5
327   123   5
127   159   5
249   404   5
231   259   5
310   282   5
338   290   5
60   202   5
8   415   5
394   488   5
366   396   5
414   39   5
220   276   5
351   123   5
437   290   5
193   488   5
0   49   5
22   123   5
182   461   5
426   252   5
263   348   5
271   509   5
247   415   5
209   509   5
494   72   5
244   509   5
469   177   5
24   415   5
354   200   5
272   93   5
51   159   5
397   501   5
146   461   5
207   385   5
462   348   5
487   348   5
96   482   5
113   251   5
284   252   5
46   411   5
18   39   5
403   488   0
135   159   5
307   185   5
481   29   5
442   461   5
311   200   5
12   268   5
297   396   5
460   348   5
225   415   5
58   49   5
388   202   5
197   385   5
294   404   5
78   399   5
254   396   5
257   39   5
101   39   5
249   282   5
492   485   5
20   290   5
468   185   5
264   477   5
223   276   5
169   268   5
165   290   5
438   410   1
490   49   5
122   242   5
263   265   5
406   404   5
160   411   5
225   379   5
351   242   5
206   485   5
85   178   5
249   482   5
90   259   5
38   185   5
295   123   5
360   396   5
174   265   5
112   185   5
116   185   5
493   39   5
120   415   5
249   461   5
454   509   5
457   39   5
58   65   5
187   501   5
35   49   5
25   259   5
6   276   5
27   385   5
157   385   5
155   123   5
277   396   5
61   485   5
383   276   5
335   415   5
366   178   5
392   501   5
174   290   5
45   319   5
115   185   5
203   485   5
295   415   5
184   415   5
453   345   5
349   290   5
44   404   5
334   159   5
500   319   5
61   72   5
310   123   5
275   242   5
336   399   5
144   290   5
228   418   5
126   276   5
448   39   5
189   488   5
156   72   5
14   509   5
377   159   5
264   49   5
162   411   5
380   385   5
196   39   5
483   411   5
491   178   5
112   265   5
226   202   5
351   39   5
440   200   5
9   348   5
445   49   5
122   65   5
141   418   5
312   178   5
48   444   5
19   379   5
281   202   5
490   242   5
219   418   5
358   396   5
304   482   5
394   399   5
327   178   5
437   185   5
448   396   5
147   348   5
43   282   5
273   185   5
102   411   5
200   315   2
335   39   5
145   49   5
104   276   5
225   49   5
107   202   5
448   242   5
306   65   5
465   72   5
383   65   5
85   418   5
310   265   5
458   252   5
412   461   4
155   488   5
126   202   5
515   177   5
186   399   5
302   93   5
165   418   5
377   39   5
35   200   5
48   202   5
491   265   5
321   242   5
512   178   5
307   292   5
234   348   5
492   411   5
138   348   5
60   72   5
168   268   5
329   292   5
14   252   5
140   385   0
162   345   5
338   29   5
407   477   5
60   242   5
307   415   5
241   72   5
150   482   5
176   319   5
83   396   5
338   509   5
24   411   5
61   444   5
398   379   5
81   509   5
366   415   5
28   411   5
220   345   5
196   29   5
503   477   5
36   259   5
386   348   5
334   418   5
37   65   5
194   265   5
243   385   5
86   65   5
452   415   5
58   202   5
260   396   5
76   488   5
147   415   5
189   415   5
104   93   5
289   403   4
504   276   5
219   159   5
363   290   5
135   49   5
241   200   5
309   444   5
120   477   5
281   93   5
491   444   5
61   404   5
223   509   5
267   385   5
285   411   5
389   265   5
75   93   5
162   49   5
48   252   5
309   252   5
44   509   5
6   461   5
254   399   5
7   200   5
392   418   5
398   404   5
140   100   0
518   159   5
284   93   5
173   509   5
445   461   5
387   415   5
123   431   2
114   290   5
302   485   5
78   202   5
510   411   5
32   265   5
496   385   5
442   200   5
280   404   5
144   123   5
241   259   5
413   93   5
327   93   5
378   159   5
92   252   5
120   72   5
380   444   5
89   268   4
194   178   5
311   185   5
227   444   5
4   404   5
60   411   5
502   178   5
86   259   5
125   29   5
408   265   5
299   290   5
112   93   5
398   178   5
264   65   5
478   415   5
28   482   5
271   185   5
310   509   5
127   485   5
114   200   5
367   39   5
301   251   5
332   177   5
398   290   5
188   159   5
101   15   5
383   49   5
64   404   5
271   252   5
70   404   5
165   265   5
99   29   5
63   251   5
434   444   5
105   290   5
338   252   5
230   283   1
392   348   5
173   265   5
3   259   5
88   385   5
405   282   5
434   259   5
267   509   5
491   396   5
305   290   5
326   242   5
359   29   5
295   29   5
24   93   5
155   385   5
213   485   5
484   276   5
20   202   5
136   404   5
430   159   5
158   265   5
83   348   5
190   290   5
214   411   5
378   39   5
4   259   5
367   282   5
271   123   5
370   399   5
281   444   5
490   178   5
367   251   5
223   123   5
182   252   5
233   242   5
153   72   5
386   477   5
69   200   5
115   379   5
371   252   5
216   252   5
152   290   5
447   29   5
426   319   5
354   252   5
116   202   5
65   195   3
364   29   5
374   385   5
262   202   5
454   399   5
179   482   5
190   259   5
306   178   5
31   39   5
26   39   5
472   159   5
256   282   5
217   29   5
317   415   5
440   396   5
358   282   5
16   72   5
31   242   5
88   292   5
4   482   5
162   482   5
443   39   5
295   485   5
439   292   5
221   177   5
231   185   5
167   29   5
205   202   5
218   396   5
475   488   5
247   418   5
389   319   5
82   485   5
168   259   5
364   39   5
409   482   5
493   159   5
48   415   5
75   418   5
50   65   5
44   93   5
53   461   5
474   399   5
145   385   5
215   415   5
233   65   5
495   404   5
243   477   5
148   411   5
302   268   5
271   202   5
146   509   5
487   251   5
151   411   5
70   159   5
417   399   5
301   177   5
302   252   5
497   29   5
298   385   5
360   123   5
441   93   5
496   185   5
125   93   5
141   93   5
326   488   5
327   265   5
334   202   5
146   252   5
269   242   5
197   200   5
383   482   5
155   65   5
226   348   5
116   251   5
50   268   5
119   415   5
153   418   5
91   348   5
478   290   5
295   501   5
430   385   5
126   477   5
140   379   0
170   461   5
214   268   5
423   418   5
128   29   5
249   319   5
430   444   5
374   268   5
213   159   5
114   415   5
85   39   5
58   123   5
150   485   5
257   418   5
468   251   5
332   399   5
235   461   5
464   89   0
463   251   5
103   259   5
310   49   5
326   72   5
85   72   5
318   488   5
135   265   5
472   418   5
16   399   5
358   345   5
373   15   4
170   178   5
198   399   5
101   411   5
152   265   5
51   418   5
255   379   5
222   396   5
316   93   5
255   482   5
246   242   5
270   93   5
14   385   5
143   202   5
210   177   5
263   268   5
434   415   5
321   49   5
2   501   5
492   501   5
225   290   5
26   268   5
413   265   5
280   177   5
357   265   5
122   411   5
18   477   5
357   415   5
343   178   5
170   276   5
92   276   5
364   49   5
461   171   2
285   415   5
490   276   5
473   276   5
214   290   5
329   461   5
284   15   5
90   348   5
429   259   5
229   477   5
394   185   5
66   159   5
208   49   5
31   396   5
125   396   5
414   411   5
440   65   5
387   268   5
207   251   5
492   268   5
250   404   0
43   482   5
382   200   5
192   159   5
462   415   5
113   178   5
335   93   5
213   29   5
160   404   5
518   348   5
481   396   5
413   123   5
386   276   5
398   72   5
371   178   5
508   411   5
157   404   5
264   123   5
518   268   5
174   276   5
246   259   5
61   345   5
75   185   5
248   444   5
219   177   5
193   290   5
296   202   5
126   282   5
329   482   5
261   477   5
310   418   5
378   509   5
417   49   5
32   477   5
92   444   5
43   251   5
357   123   5
515   251   5
435   252   5
117   259   4
78   93   5
173   159   5
62   251   5
133   348   5
114   345   5
513   29   4
427   276   5
91   93   5
302   177   5
460   379   5
220   348   5
402   399   5
169   259   5
453   259   5
448   49   5
487   259   5
22   418   5
206   482   5
253   477   5
14   501   5
71   415   5
81   259   5
483   404   5
314   482   5
394   290   5
389   290   5
487   200   5
273   49   5
127   185   5
157   259   5
223   399   5
162   185   5
210   123   5
277   251   5
304   276   5
507   345   5
269   415   5
422   159   5
327   319   5
90   15   5
60   488   5
84   411   5
386   159   5
448   72   5
354   482   5
318   177   5
40   319   5
414   72   5
26   461   5
168   177   5
470   39   5
397   178   5
69   93   5
473   509   5
503   268   5
427   93   5
36   348   5
392   461   5
176   509   5
307   93   5
55   485   5
298   177   5
233   404   5
397   399   5
290   191   2
188   123   5
394   485   5
143   418   5
449   242   5
331   290   5
422   290   5
301   379   5
126   418   5
0   159   5
239   178   5
203   348   5
269   178   5
147   282   5
476   482   5
83   39   5
298   477   5
461   130   2
169   418   5
256   200   5
44   411   5
475   501   5
460   385   5
471   404   5
322   385   5
60   404   5
121   268   5
267   15   5
198   290   5
170   265   5
170   242   5
486   319   5
322   177   5
495   159   5
384   93   5
310   268   5
205   265   5
155   404   5
119   396   5
92   477   5
351   276   5
357   404   5
106   93   5
264   444   5
304   379   5
262   290   5
470   282   5
454   282   5
184   268   5
402   418   5
423   488   5
334   178   5
249   488   5
184   488   5
307   501   5
26   93   5
487   93   5
326   259   5
43   15   5
228   485   5
34   159   5
504   93   5
129   29   5
476   178   5
491   259   5
45   444   5
430   404   5
249   252   5
235   290   5
135   379   5
78   282   5
457   177   5
69   123   5
372   444   5
397   185   5
126   39   5
11   93   5
439   159   5
89   191   1
401   276   5
107   15   5
499   259   5
153   65   5
211   290   5
389   348   5
211   252   5
192   265   5
211   404   5
293   29   5
42   385   5
69   282   5
64   29   5
380   404   5
343   488   5
116   93   5
38   159   5
35   444   5
425   252   5
326   509   5
304   265   5
84   404   5
8   39   5
502   29   5
517   290   5
132   391   2
188   15   5
36   185   5
339   251   5
312   348   5
229   348   5
475   93   5
226   39   5
407   276   5
474   415   5
0   200   5
66   411   5
324   123   5
86   93   5
53   259   5
77   477   5
352   177   5
156   385   5
429   65   5
92   396   5
113   276   5
321   202   5
413   159   5
210   319   5
359   200   5
275   252   5
145   404   5
121   396   5
27   242   5
63   93   5
298   501   5
267   268   5
456   477   5
97   177   5
502   509   5
88   178   5
287   482   5
16   39   5
462   159   5
338   411   5
194   477   5
225   252   5
54   72   5
445   259   5
33   123   5
197   202   5
256   415   5
174   202   5
44   348   5
473   411   5
499   93   5
311   396   5
205   93   5
484   39   5
22   404   5
209   348   5
291   290   5
4   202   5
56   282   5
107   251   5
442   396   5
78   404   5
36   93   5
124   265   5
235   65   5
81   415   5
354   259   5
435   348   5
51   252   5
269   200   5
377   488   5
512   39   5
256   93   5
389   177   5
86   72   5
293   509   5
141   15   5
227   399   5
188   482   5
286   415   5
478   485   5
63   123   5
160   49   5
439   482   5
32   93   5
85   415   5
244   444   5
406   159   5
125   418   5
294   259   5
35   485   5
163   348   5
74   290   5
158   379   5
5   399   5
64   268   5
143   385   5
502   242   5
7   242   5
464   419   0
462   123   5
513   73   4
332   29   5
370   178   5
153   200   5
272   268   5
375   200   5
280   379   5
23   200   5
277   93   5
463   276   5
78   411   5
67   444   5
53   399   5
129   418   5
239   485   5
309   348   5
361   411   5
352   242   5
12   415   5
121   159   5
369   202   5
280   93   5
446   348   5
372   477   5
378   178   5
20   415   5
144   348   5
434   379   5
327   177   5
382   418   5
429   396   5
316   265   5
462   485   5
45   49   5
408   72   5
96   252   5
75   482   5
349   385   5
377   202   5
369   348   5
119   185   5
152   396   5
217   49   5
114   202   5
57   93   5
354   93   5
329   396   5
478   444   5
288   72   5
374   399   5
510   418   5
209   159   5
290   68   2
434   396   5
37   276   5
225   200   5
140   337   2
76   482   5
105   385   5
502   385   5
295   159   5
2   251   5
27   290   5
336   265   5
360   200   5
133   178   5
452   242   5
429   93   5
3   379   5
63   348   5
299   418   5
126   65   5
158   159   5
240   29   5
310   276   5
203   415   5
189   49   5
80   29   5
461   514   2
62   485   5
448   485   5
296   178   5
370   177   5
435   404   5
44   251   5
214   200   5
231   242   5
55   276   5
32   159   5
401   177   5
19   242   5
248   348   5
507   93   5
377   177   5
299   39   5
24   501   5
7   415   5
511   93   5
57   501   5
249   411   5
460   252   5
170   501   5
349   509   5
227   29   5
324   477   5
262   29   5
505   252   5
281   252   5
234   159   5
128   178   5
74   200   5
238   488   5
291   461   5
470   290   5
45   177   5
206   185   5
460   178   5
82   415   5
324   242   5
13   396   5
82   39   5
454   348   5
336   415   5
427   396   5
208   399   5
334   488   5
496   200   5
258   159   5
31   123   5
383   348   5
163   404   5
346   319   5
22   482   5
181   251   5
84   252   5
235   242   5
476   385   5
82   396   5
70   348   5
280   282   5
407   29   5
169   501   5
260   202   5
115   72   5
317   159   5
132   159   0
516   319   5
167   268   5
442   252   5
102   348   5
288   202   5
234   415   5
189   396   5
443   177   5
366   488   5
274   444   5
322   93   5
271   488   5
189   268   5
168   415   5
487   252   5
210   200   5
83   159   5
115   292   5
512   177   5
425   415   5
179   251   5
405   200   5
267   415   5
79   488   5
124   348   5
446   202   5
270   385   5
17   72   5
181   290   5
113   259   5
84   268   5
145   202   5
365   159   5
371   242   5
54   345   5
332   509   5
293   123   5
499   482   5
517   202   5
298   415   5
194   15   5
48   65   5
280   242   5
445   396   5
147   268   5
472   29   5
460   482   5
53   39   5
420   259   5
394   72   5
168   29   5
52   93   5
499   39   5
448   477   5
23   415   5
33   485   5
80   411   5
401   282   5
223   290   5
353   39   5
238   242   5
154   404   5
118   93   5
333   159   5
426   290   5
56   399   5
409   93   5
99   252   5
157   178   5
426   509   5
408   282   5
42   396   5
426   242   5
37   488   5
255   488   5
81   178   5
466   404   5
104   39   5
301   29   5
305   185   5
280   252   5
148   39   5
327   202   5
469   482   5
453   72   5
456   415   5
469   259   5
361   251   5
424   411   5
387   159   5
204   290   5
143   396   5
19   39   5
487   15   5
145   123   5
353   415   5
254   411   5
194   509   5
297   29   5
77   177   5
81   399   5
336   276   5
163   200   5
393   200   5
218   461   5
469   72   5
395   252   5
256   411   5
160   385   5
133   482   5
54   276   5
120   252   5
215   49   5
473   485   5
331   268   5
44   200   5
343   177   5
213   265   5
380   411   5
452   461   5
153   290   5
190   415   5
203   418   5
134   385   5
419   93   4
51   485   5
507   178   5
503   123   5
380   488   5
475   178   5
402   65   5
253   200   5
402   379   5
58   411   5
205   268   5
219   268   5
22   488   5
6   200   5
343   252   5
446   178   5
436   348   5
104   252   5
361   29   5
99   488   5
179   348   5
166   123   5
6   404   5
36   404   5
326   282   5
449   485   5
27   345   5
287   399   5
424   418   5
30   411   5
89   200   4
316   292   5
447   379   5
424   49   5
398   482   5
134   268   5
284   482   5
314   123   5
353   290   5
393   396   5
11   418   5
7   418   5
38   242   5
405   252   5
442   379   5
370   488   5
190   461   5
151   501   5
180   39   5
196   488   5
274   72   5
505   501   5
211   345   5
407   509   5
87   252   5
381   159   5
92   485   5
108   348   5
459   379   5
114   177   5
484   29   5
20   379   5
447   177   5
352   93   5
356   348   5
263   159   5
280   259   5
95   242   5
260   259   5
318   396   5
306   345   5
314   15   5
277   385   5
126   348   5
50   29   5
346   282   5
270   49   5
476   461   5
314   72   5
361   123   5
358   268   5
187   509   5
184   65   5
222   49   5
500   348   5
97   415   5
4   501   5
136   345   5
272   348   5
20   485   5
118   461   5
314   379   5
20   29   5
27   477   5
60   461   5
246   477   5
99   276   5
473   15   5
305   415   5
52   185   5
220   399   5
409   265   5
302   444   5
221   488   5
231   292   5
343   159   5
248   202   5
253   242   5
17   404   5
434   319   5
333   292   5
378   396   5
503   242   5
459   411   5
33   159   5
198   15   5
60   259   5
371   290   5
360   268   5
112   276   5
76   178   5
248   509   5
129   477   5
365   290   5
165   185   5
209   396   5
356   415   5
216   415   5
380   415   5
165   276   5
352   123   5
12   345   5
501   362   2
69   177   5
85   259   5
32   123   5
469   379   5
21   290   4
463   501   5
179   178   5
383   292   5
186   265   5
472   93   5
478   15   5
378   290   5
24   319   5
153   15   5
233   415   5
237   485   5
507   259   5
254   265   5
78   415   5
318   178   5
398   202   5
378   477   5
229   385   5
209   178   5
325   200   5
163   202   5
274   65   5
203   265   5
61   178   5
62   501   5
327   65   5
392   477   5
90   501   5
124   251   5
271   444   5
145   509   5
359   482   5
226   290   5
369   252   5
420   345   5
393   159   5
419   72   4
355   65   5
402   319   5
106   39   5
435   72   5
378   185   5
484   385   5
34   485   5
476   265   5
192   345   5
42   159   5
6   319   5
118   123   5
205   177   5
372   259   5
152   268   5
370   259   5
309   178   5
120   177   5
20   282   5
92   379   5
486   159   5
309   72   5
25   49   5
492   185   5
12   159   5
335   461   5
269   177   5
231   477   5
214   265   5
160   93   5
102   93   5
257   385   5
370   482   5
193   501   5
218   482   5
105   418   5
322   482   5
513   49   4
31   200   5
497   72   5
182   282   5
333   49   5
270   39   5
141   178   5
511   177   5
56   259   5
215   39   5
56   252   5
30   93   5
321   404   5
383   268   5
146   379   5
208   509   5
7   488   5
264   319   5
349   477   5
188   345   5
228   177   5
439   265   5
505   385   5
451   268   5
148   282   5
34   268   5
326   415   5
258   411   5
508   15   5
190   185   5
230   501   4
483   259   5
350   348   5
43   509   5
402   477   5
182   178   5
288   404   5
258   415   5
363   418   5
387   15   5
36   345   5
321   251   5
113   265   5
146   482   5
121   399   5
281   348   5
504   319   5
306   461   5
369   276   5
280   385   5
6   415   5
425   411   5
294   93   5
407   177   5
192   292   5
17   385   5
266   396   5
135   200   5
92   418   5
241   123   5
135   444   5
203   477   5
54   477   5
329   177   5
88   200   5
227   379   5
357   501   5
32   39   5
284   418   5
226   177   5
47   123   5
189   242   5
386   93   5
286   200   5
285   477   5
54   49   5
99   418   5
232   159   5
299   411   5
494   39   5
516   178   5
486   399   5
114   348   5
380   418   5
27   15   5
181   461   5
313   159   5
294   348   5
172   385   5
170   282   5
107   49   5
381   185   5
165   461   5
85   93   5
380   485   5
286   49   5
322   488   5
54   404   5
52   65   5
253   65   5
96   485   5
211   385   5
179   418   5
417   411   5
226   477   5
375   265   5
190   444   5
334   396   5
120   123   5
352   268   5
277   348   5
430   276   5
128   39   5
274   259   5
354   396   5
414   200   5
278   185   5
483   396   5
239   482   5
105   72   5
161   242   5
67   290   5
435   123   5
50   178   5
491   509   5
193   482   5
477   344   2
54   185   5
487   29   5
250   290   0
511   415   5
38   477   5
33   29   5
128   268   5
115   265   5
64   282   5
37   93   5
248   477   5
435   488   5
327   276   5
453   379   5
313   509   5
469   404   5
47   200   5
275   123   5
335   72   5
76   348   5
447   178   5
162   444   5
273   385   5
58   482   5
198   159   5
311   482   5
145   178   5
503   39   5
235   411   5
518   15   5
71   265   5
371   319   5
135   290   5
389   72   5
234   345   5
449   93   5
124   319   5
77   185   5
95   265   5
419   415   4
430   65   5
51   72   5
441   39   5
14   65   5
262   15   5
45   292   5
266   242   5
173   276   5
32   319   5
116   411   5
34   477   5
429   379   5
153   185   5
277   444   5
483   418   5
134   93   5
507   488   5
179   485   5
161   411   5
484   444   5
106   477   5
264   404   5
88   477   5
91   396   5
382   159   5
304   49   5
327   509   5
325   268   5
270   200   5
483   65   5
362   342   1
493   379   5
474   276   5
445   178   5
145   477   5
16   379   5
56   348   5
420   123   5
357   202   5
113   185   5
262   399   5
2   265   5
353   488   5
382   482   5
502   259   5
155   319   5
439   93   5
440   276   5
234   93   5
365   488   5
496   242   5
307   65   5
101   379   5
126   485   5
219   93   5
239   292   5
273   477   5
368   282   5
128   177   5
96   177   5
221   415   5
301   482   5
483   242   5
490   396   5
5   185   5
278   399   5
218   268   5
453   242   5
90   399   5
30   252   5
272   29   5
273   290   5
227   404   5
9   123   5
169   319   5
79   276   5
328   415   5
293   15   5
499   72   5
240   418   5
371   15   5
336   177   5
298   348   5
356   509   5
505   200   5
111   379   5
14   185   5
329   251   5
240   265   5
358   178   5
115   385   5
55   290   5
258   268   5
78   242   5
502   404   5
5   65   5
412   403   4
491   385   5
162   404   5
232   65   5
7   282   5
253   265   5
80   93   5
55   477   5
116   418   5
458   200   5
92   93   5
63   177   5
19   268   5
377   93   5
266   200   5
137   276   5
75   411   5
150   488   5
112   200   5
66   319   5
128   415   5
32   385   5
133   177   5
446   177   5
11   29   5
40   39   5
51   396   5
33   482   5
67   509   5
350   177   5
326   251   5
18   319   5
502   477   5
154   418   5
462   93   5
368   379   5
135   202   5
5   396   5
107   385   5
493   93   5
176   29   5
3   348   5
249   159   5
55   345   5
334   177   5
124   178   5
3   276   5
199   123   4
263   396   5
112   268   5
264   159   5
503   399   5
491   15   5
365   348   5
188   488   5
506   185   5
497   411   5
369   178   5
229   290   5
197   159   5
377   29   5
395   202   5
358   65   5
380   396   5
35   265   5
42   399   5
140   345   0
102   159   5
184   276   5
154   385   5
372   185   5
409   29   5
190   485   5
244   15   5
266   418   5
333   123   5
41   123   5
452   488   5
368   178   5
173   39   5
349   177   5
258   185   5
296   65   5
204   252   5
280   49   5
324   385   5
420   482   5
428   1   2
375   93   5
493   268   5
24   242   5
483   282   5
56   93   5
405   396   5
420   501   5
425   72   5
359   348   5
118   177   5
486   177   5
228   159   5
427   415   5
168   65   5
294   411   5
64   259   5
264   509   5
144   461   5
184   404   5
308   283   1
116   396   5
5   411   5
193   200   5
371   200   5
278   65   5
211   178   5
190   72   5
158   290   5
409   396   5
26   123   5
153   49   5
284   72   5
329   418   5
26   159   5
332   202   5
62   411   5
257   93   5
312   399   5
32   268   5
442   259   5
334   39   5
304   348   5
154   202   5
463   177   5
23   485   5
180   185   5
306   444   5
473   348   5
518   396   5
221   461   5
81   444   5
517   276   5
90   49   5
476   348   5
11   461   5
401   65   5
507   185   5
395   242   5
365   29   5
255   399   5
427   444   5
395   93   5
6   379   5
209   185   5
453   252   5
353   501   5
356   93   5
468   290   5
106   123   5
221   15   5
494   415   5
147   319   5
401   265   5
129   482   5
102   485   5
473   444   5
25   418   5
12   202   5
231   202   5
213   404   5
423   29   5
136   268   5
194   319   5
406   319   5
22   396   5
170   379   5
138   177   5
99   65   5
126   501   5
244   265   5
254   123   5
64   93   5
256   123   5
86   282   5
144   259   5
437   39   5
413   396   5
295   444   5
67   259   5
56   29   5
180   159   5
201   319   5
56   251   5
451   93   5
382   65   5
76   259   5
107   178   5
245   485   5
70   488   5
204   72   5
194   242   5
440   268   5
271   177   5
407   268   5
31   159   5
372   385   5
305   282   5
449   159   5
269   290   5
439   252   5
60   415   5
168   345   5
393   185   5
43   461   5
270   477   5
76   319   5
204   399   5
468   385   5
471   477   5
375   348   5
335   259   5
299   268   5
201   290   5
7   72   5
372   242   5
222   265   5
102   200   5
264   488   5
343   185   5
238   509   5
452   159   5
304   485   5
414   242   5
169   177   5
328   319   5
41   268   5
174   72   5
471   15   5
184   251   5
277   485   5
407   159   5
160   276   5
474   123   5
147   385   5
192   396   5
70   477   5
277   411   5
306   177   5
369   177   5
363   252   5
406   202   5
124   415   5
248   501   5
160   415   5
207   49   5
7   444   5
257   242   5
25   396   5
167   396   5
419   73   4
56   319   5
104   501   5
92   415   5
281   29   5
328   65   5
356   251   5
226   268   5
499   488   5
69   418   5
353   242   5
388   348   5
30   379   5
0   418   5
384   200   5
322   509   5
275   265   5
89   509   4
324   501   5
339   399   5
165   159   5
173   177   5
240   177   5
486   65   5
61   259   5
231   418   5
462   15   5
307   418   5
422   39   5
66   415   5
76   185   5
470   399   5
478   242   5
34   461   5
314   399   5
473   396   5
307   509   5
288   509   5
5   461   5
346   39   5
272   282   5
160   200   5
104   399   5
313   396   5
361   444   5
307   49   5
114   461   5
314   404   5
309   282   5
505   282   5
60   200   5
468   461   5
221   348   5
447   348   5
380   290   5
186   444   5
210   485   5
22   178   5
91   39   5
266   177   5
336   202   5
91   379   5
145   200   5
160   509   5
203   509   5
267   29   5
253   485   5
146   319   5
203   488   5
353   418   5
161   399   5
35   385   5
80   39   5
211   348   5
210   404   5
155   185   5
475   477   5
407   415   5
150   404   5
473   123   5
440   39   5
256   404   5
174   65   5
90   282   5
168   379   5
244   123   5
70   485   5
84   396   5
55   265   5
227   282   5
492   509   5
189   509   5
274   290   5
163   123   5
234   29   5
483   276   5
188   178   5
97   396   5
495   200   5
83   282   5
239   411   5
36   268   5
370   379   5
245   177   5
37   177   5
381   265   5
327   292   5
124   49   5
278   242   5
338   159   5
372   379   5
325   177   5
243   159   5
167   39   5
360   415   5
167   123   5
257   482   5
375   415   5
326   444   5
297   93   5
343   282   5
124   259   5
500   177   5
97   418   5
374   178   5
353   265   5
463   93   5
233   399   5
449   482   5
145   93   5
62   268   5
247   461   5
156   411   5
243   185   5
476   39   5
187   39   5
174   259   5
381   485   5
395   72   5
48   411   5
406   461   5
96   348   5
483   477   5
367   348   5
136   348   5
173   200   5
139   265   0
318   290   5
113   411   5
511   200   5
398   292   5
79   404   5
487   404   5
210   396   5
232   123   5
162   276   5
192   415   5
217   177   5
114   65   5
493   200   5
466   461   5
506   200   5
229   200   5
248   49   5
85   399   5
120   65   5
214   282   5
366   501   5
26   177   5
187   482   5
302   15   5
504   348   5
443   482   5
297   482   5
383   265   5
211   319   5
57   177   5
291   185   5
50   259   5
180   385   5
398   348   5
414   252   5
339   39   5
186   242   5
460   259   5
132   191   6
129   93   5
172   72   5
248   185   5
140   15   0
457   202   5
406   290   5
75   385   5
25   177   5
278   482   5
17   418   5
50   251   5
313   482   5
148   93   5
132   236   0
366   290   5
150   259   5
439   501   5
206   202   5
215   348   5
408   411   5
420   265   5
440   123   5
326   399   5
355   477   5
459   444   5
240   276   5
329   93   5
440   488   5
508   39   5
3   200   5
470   259   5
120   185   5
264   29   5
18   348   5
138   399   5
448   379   5
193   509   5
493   185   5
102   477   5
241   49   5
196   348   5
264   345   5
439   411   5
388   39   5
157   290   5
343   418   5
114   259   5
510   242   5
31   415   5
96   461   5
476   177   5
144   177   5
354   72   5
71   177   5
145   418   5
368   348   5
138   259   5
424   252   5
502   251   5
316   178   5
472   396   5
357   319   5
298   268   5
245   276   5
226   251   5
241   282   5
478   65   5
132   514   2
243   177   5
280   418   5
80   501   5
46   252   5
270   185   5
272   461   5
9   202   5
155   268   5
136   276   5
33   93   5
78   259   5
446   200   5
368   396   5
358   485   5
143   399   5
228   49   5
260   319   5
452   39   5
107   509   5
447   444   5
358   259   5
506   178   5
503   15   5
457   379   5
274   200   5
51   290   5
437   177   5
309   418   5
339   202   5
518   251   5
230   362   1
143   276   5
374   202   5
451   385   5
420   185   5
122   509   5
202   433   3
90   461   5
363   415   5
395   396   5
104   282   5
151   252   5
241   93   5
157   485   5
45   385   5
75   379   5
473   415   5
439   509   5
436   200   5
474   385   5
198   319   5
95   282   5
92   265   5
54   123   5
84   415   5
430   242   5
203   65   5
188   290   5
172   509   5
125   379   5
245   509   5
446   268   5
43   72   5
97   477   5
254   477   5
179   385   5
233   461   5
413   202   5
106   268   5
503   202   5
220   159   5
247   242   5
333   252   5
401   49   5
484   418   5
442   242   5
95   185   5
9   488   5
325   159   5
328   39   5
179   123   5
322   404   5
277   49   5
218   265   5
516   415   5
420   178   5
173   501   5
409   418   5
407   93   5
448   15   5
87   265   5
495   185   5
296   185   5
381   292   5
386   396   5
50   385   5
511   159   5
14   379   5
327   477   5
88   159   5
327   385   5
223   282   5
44   15   5
74   242   5
239   39   5
210   49   5
184   509   5
225   319   5
84   185   5
512   93   5
206   178   5
146   418   5
23   404   5
465   265   5
459   251   5
174   461   5
214   39   5
229   259   5
62   488   5
114   282   5
205   39   5
160   15   5
7   178   5
250   242   0
155   242   5
119   444   5
119   177   5
321   276   5
172   348   5
28   15   5
371   72   5
194   200   5
132   396   0
496   177   5
2   348   5
133   345   5
115   501   5
387   385   5
107   488   5
328   268   5
338   404   5
205   200   5
400   348   5
217   461   5
147   411   5
273   177   5
146   159   5
329   265   5
66   93   5
55   501   5
351   268   5
119   345   5
266   39   5
162   93   5
445   399   5
398   65   5
154   268   5
210   290   5
271   268   5
295   348   5
181   200   5
55   411   5
92   404   5
156   159   5
481   415   5
483   444   5
179   252   5
507   379   5
493   461   5
75   159   5
402   123   5
363   159   5
33   385   5
91   177   5
425   185   5
465   29   5
189   276   5
486   178   5
435   177   5
339   242   5
141   399   5
77   178   5
483   265   5
398   501   5
153   252   5
408   200   5
469   29   5
275   49   5
355   93   5
332   93   5
439   418   5
69   319   5
77   49   5
229   482   5
269   159   5
280   72   5
213   15   5
53   72   5
240   292   5
401   185   5
127   488   5
247   396   5
150   93   5
361   242   5
256   251   5
13   93   5
208   482   5
314   385   5
504   15   5
88   415   5
448   65   5
91   461   5
190   39   5
304   345   5
508   252   5
11   177   5
194   276   5
395   65   5
430   501   5
74   418   5
504   509   5
87   72   5
474   65   5
386   29   5
194   251   5
156   348   5
54   242   5
101   268   5
262   396   5
45   93   5
314   444   5
205   418   5
469   252   5
235   399   5
0   411   5
473   185   5
174   345   5
451   418   5
57   345   5
133   399   5
290   303   2
150   49   5
190   242   5
454   177   5
367   268   5
492   200   5
85   282   5
227   292   5
294   385   5
186   477   5
335   202   5
463   379   5
101   242   5
3   72   5
190   319   5
126   415   5
477   10   2
258   477   5
511   202   5
503   319   5
201   415   5
180   348   5
258   485   5
179   29   5
405   177   5
27   488   5
203   411   5
458   290   5
260   252   5
395   276   5
137   251   5
278   276   5
21   110   1
188   509   5
143   259   5
436   290   5
239   159   5
54   485   5
77   39   5
148   265   5
338   202   5
334   290   5
253   72   5
13   477   5
470   268   5
427   178   5
145   485   5
144   72   5
208   411   5
30   29   5
174   482   5
135   385   5
154   15   5
499   348   5
153   123   5
45   404   5
326   178   5
469   399   5
274   251   5
296   379   5
459   202   5
474   72   5
356   268   5
474   488   5
14   404   5
0   268   5
371   159   5
491   488   5
9   251   5
216   200   5
267   159   5
331   185   5
108   178   5
64   49   5
31   49   5
41   200   5
255   242   5
423   159   5
458   292   5
150   282   5
483   252   5
106   415   5
8   268   5
53   396   5
137   202   5
19   399   5
397   242   5
507   348   5
414   93   5
66   282   5
387   444   5
143   49   5
47   29   5
452   177   5
343   477   5
24   379   5
506   385   5
4   509   5
121   501   5
258   461   5
170   177   5
333   185   5
115   509   5
284   404   5
12   444   5
170   39   5
307   488   5
25   123   5
244   482   5
170   185   5
351   488   5
471   418   5
232   93   5
168   461   5
423   202   5
275   72   5
225   411   5
475   29   5
304   477   5
114   477   5
52   39   5
33   15   5
314   29   5
119   399   5
42   65   5
459   39   5
516   251   5
108   268   5
372   93   5
234   49   5
89   131   4
162   72   5
373   467   7
434   252   5
12   385   5
366   49   5
152   399   5
170   93   5
45   200   5
92   268   5
398   418   5
118   268   5
278   259   5
204   482   5
476   93   5
264   415   5
38   396   5
359   488   5
298   123   5
369   477   5
296   265   5
463   15   5
46   461   5
463   319   5
325   418   5
124   268   5
466   252   5
152   485   5
330   396   5
55   282   5
463   252   5
222   72   5
400   396   5
508   477   5
155   396   5
420   242   5
54   15   5
278   282   5
316   252   5
357   348   5
381   482   5
32   200   5
424   348   5
188   404   5
116   15   5
20   39   5
255   29   5
413   509   5
166   385   5
120   39   5
441   488   5
239   348   5
8   29   5
405   385   5
85   185   5
210   72   5
17   29   5
90   485   5
329   488   5
35   15   5
349   292   5
22   72   5
180   200   5
425   200   5
89   68   1
48   385   5
437   319   5
329   39   5
146   251   5
61   282   5
137   178   5
442   485   5
439   39   5
474   282   5
340   319   4
491   411   5
192   379   5
266   415   5
6   29   5
419   200   4
186   49   5
152   159   5
14   242   5
499   265   5
334   200   5
185   416   2
355   404   5
227   488   5
87   49   5
494   444   5
204   404   5
383   411   5
297   39   5
87   396   5
79   65   5
176   252   5
253   379   5
463   49   5
448   276   5
436   159   5
2   252   5
452   444   5
377   345   5
146   444   5
243   404   5
326   319   5
91   252   5
196   93   5
273   268   5
126   177   5
393   482   5
256   268   5
151   404   5
301   345   5
38   290   5
179   290   5
336   93   5
274   501   5
329   345   5
448   200   5
112   396   5
500   265   5
469   242   5
33   379   5
166   290   5
61   185   5
137   399   5
273   488   5
234   268   5
504   411   5
248   411   5
119   178   5
261   268   5
52   268   5
386   399   5
317   385   5
169   252   5
53   319   5
427   252   5
272   251   5
339   178   5
9   93   5
161   265   5
5   485   5
172   404   5
45   159   5
30   268   5
165   509   5
285   39   5
309   482   5
53   290   5
508   159   5
302   415   5
281   415   5
220   93   5
16   485   5
274   509   5
445   185   5
483   268   5
327   399   5
36   379   5
47   72   5
321   259   5
115   282   5
484   251   5
18   268   5
106   49   5
231   411   5
445   123   5
119   202   5
233   49   5
397   268   5
336   72   5
207   444   5
470   415   5
175   290   4
307   200   5
401   72   5
380   477   5
316   477   5
129   259   5
156   501   5
450   485   5
278   251   5
189   65   5
373   15   4
208   72   5
441   252   5
151   72   5
184   399   5
307   159   5
126   399   5
447   251   5
214   319   5
50   242   5
382   123   5
512   385   5
223   348   5
125   259   5
365   396   5
196   123   5
69   251   5
277   202   5
148   276   5
355   178   5
16   242   5
446   159   5
454   29   5
129   348   5
377   482   5
147   399   5
226   252   5
497   509   5
99   399   5
150   501   5
167   444   5
434   282   5
119   265   5
322   259   5
447   488   5
101   178   5
57   159   5
40   268   5
163   177   5
366   276   5
503   482   5
354   485   5
471   482   5
151   265   5
363   49   5
434   348   5
134   418   5
245   123   5
207   282   5
44   485   5
37   178   5
463   399   5
189   292   5
207   399   5
95   415   5
293   265   5
203   404   5
360   39   5
497   482   5
118   39   5
182   29   5
383   185   5
56   396   5
215   185   5
152   348   5
97   268   5
440   415   5
223   477   5
260   265   5
437   268   5
81   268   5
475   200   5
312   396   5
226   385   5
312   177   5
441   485   5
180   482   5
270   415   5
37   396   5
384   282   5
226   415   5
129   379   5
197   379   5
18   159   5
38   265   5
346   200   5
228   202   5
148   482   5
305   39   5
193   251   5
327   268   5
316   485   5
75   72   5
143   72   5
95   444   5
64   348   5
6   345   5
97   39   5
3   477   5
400   252   5
456   252   5
257   159   5
255   178   5
99   49   5
281   404   5
257   72   5
176   259   5
145   501   5
226   461   5
9   159   5
207   482   5
452   178   5
35   65   5
367   185   5
459   159   5
466   345   5
36   49   5
296   444   5
79   415   5
465   200   5
281   268   5
90   268   5
440   418   5
505   379   5
474   379   5
240   159   5
408   488   5
387   404   5
119   123   5
496   123   5
67   265   5
111   39   5
423   177   5
133   202   5
223   418   5
223   265   5
225   15   5
359   485   5
169   415   5
388   159   5
374   290   5
264   268   5
244   477   5
366   259   5
507   251   5
322   399   5
246   29   5
96   404   5
491   72   5
193   396   5
374   348   5
69   482   5
450   159   5
258   65   5
246   404   5
462   404   5
420   251   5
492   319   5
181   418   5
28   200   5
503   65   5
405   348   5
321   185   5
402   93   5
95   93   5
497   265   5
336   348   5
468   159   5
371   185   5
99   39   5
11   399   5
114   178   5
12   39   5
13   177   5
40   93   5
153   319   5
495   444   5
248   415   5
298   509   5
12   65   5
21   183   1
97   242   5
132   488   0
330   290   5
135   276   5
402   348   5
240   319   5
104   418   5
67   177   5
285   276   5
43   411   5
104   385   5
451   200   5
471   461   5
398   259   5
291   488   5
53   242   5
290   149   2
104   185   5
285   461   5
216   265   5
71   200   5
30   39   5
413   379   5
174   348   5
36   461   5
174   123   5
381   488   5
127   123   5
215   488   5
328   178   5
99   477   5
111   482   5
150   411   5
79   444   5
7   29   5
372   509   5
359   259   5
40   461   5
187   259   5
167   292   5
313   418   5
116   159   5
67   72   5
47   93   5
7   385   5
406   200   5
512   268   5
50   396   5
356   123   5
316   444   5
102   482   5
127   200   5
363   444   5
222   461   5
367   276   5
147   39   5
463   265   5
226   444   5
151   93   5
82   252   5
51   39   5
231   251   5
425   15   5
136   15   5
442   177   5
198   268   5
272   252   5
338   268   5
277   399   5
418   109   3
389   282   5
518   200   5
227   15   5
189   485   5
285   268   5
91   29   5
43   200   5
208   93   5
471   93   5
6   177   5
372   482   5
2   276   5
306   93   5
267   123   5
45   276   5
515   396   5
146   185   5
466   268   5
478   396   5
53   123   5
449   399   5
217   415   5
274   178   5
153   202   5
516   259   5
176   482   5
427   488   5
203   399   5
9   345   5
255   259   5
510   29   5
189   411   5
392   29   5
484   482   5
225   501   5
503   93   5
257   49   5
71   123   5
336   29   5
34   488   5
180   49   5
218   159   5
154   159   5
395   259   5
258   202   5
305   418   5
25   444   5
105   319   5
483   399   5
350   268   5
309   485   5
163   259   5
161   65   5
6   396   5
186   418   5
64   418   5
235   404   5
67   477   5
447   485   5
81   290   5
85   348   5
297   385   5
321   418   5
85   444   5
403   477   0
32   415   5
311   268   5
77   509   5
62   159   5
332   292   5
370   348   5
97   290   5
267   348   5
118   282   5
378   276   5
62   461   5
211   159   5
501   130   2
296   415   5
454   123   5
46   418   5
466   418   5
499   485   5
298   159   5
254   444   5
355   482   5
270   268   5
446   290   5
139   416   2
422   418   5
413   200   5
495   348   5
331   477   5
218   15   5
369   415   5
443   200   5
435   178   5
280   200   5
401   396   5
333   177   5
135   411   5
126   396   5
496   268   5
439   29   5
322   72   5
309   488   5
21   149   1
78   252   5
371   418   5
382   39   5
321   485   5
163   282   5
141   415   5
512   29   5
44   123   5
42   415   5
87   200   5
80   259   5
384   252   5
450   29   5
329   348   5
517   415   5
277   415   5
127   72   5
88   404   5
370   15   5
258   178   5
182   93   5
445   385   5
381   65   5
496   276   5
44   444   5
387   488   5
34   202   5
430   251   5
249   178   5
466   200   5
141   242   5
393   252   5
172   477   5
216   461   5
450   65   5
354   242   5
38   268   5
166   159   5
407   202   5
506   461   5
408   396   5
114   265   5
511   29   5
486   276   5
54   93   5
121   461   5
33   501   5
434   177   5
516   477   5
470   396   5
427   200   5
19   276   5
495   72   5
355   509   5
295   15   5
349   178   5
237   276   5
184   177   5
158   29   5
386   319   5
70   178   5
307   396   5
473   399   5
243   93   5
101   265   5
37   72   5
41   251   5
507   177   5
306   276   5
333   39   5
48   93   5
9   379   5
244   200   5
25   242   5
413   29   5
386   461   5
273   444   5
103   396   5
378   415   5
402   509   5
244   404   5
83   177   5
174   379   5
445   72   5
443   242   5
64   415   5
25   265   5
269   265   5
368   123   5
201   411   5
211   415   5
260   411   5
451   348   5
452   65   5
487   485   5
181   488   5
333   290   5
375   177   5
458   72   5
229   509   5
193   444   5
18   488   5
503   292   5
241   29   5
434   39   5
397   290   5
146   242   5
373   509   4
181   385   5
495   93   5
340   94   7
424   415   5
214   159   5
192   268   5
227   411   5
504   399   5
450   251   5
206   290   5
126   444   5
87   415   5
161   461   5
99   348   5
45   265   5
493   501   5
114   485   5
447   123   5
288   242   5
441   242   5
499   200   5
207   488   5
25   72   5
491   404   5
359   461   5
272   379   5
203   15   5
87   177   5
318   123   5
198   177   5
220   477   5
137   461   5
216   411   5
128   385   5
328   49   5
118   265   5
174   177   5
120   399   5
257   396   5
83   276   5
381   418   5
208   485   5
332   461   5
370   345   5
496   65   5
13   123   5
7   251   5
77   415   5
182   488   5
152   411   5
71   49   5
373   49   4
87   29   5
264   399   5
69   404   5
209   444   5
104   72   5
132   347   6
222   177   5
60   265   5
126   268   5
9   415   5
141   385   5
146   72   5
471   319   5
28   185   5
74   177   5
97   399   5
56   49   5
240   348   5
486   348   5
302   159   5
219   396   5
370   252   5
198   396   5
487   178   5
469   178   5
392   178   5
293   444   5
38   418   5
264   178   5
196   268   5
350   39   5
436   385   5
181   177   5
221   379   5
120   290   5
368   482   5
495   265   5
157   509   5
80   461   5
203   290   5
46   282   5
466   282   5
62   385   5
207   418   5
429   399   5
4   185   5
203   49   5
382   177   5
370   202   5
255   15   5
423   348   5
44   29   5
304   185   5
406   415   5
516   345   5
46   72   5
368   72   5
331   379   5
372   404   5
278   72   5
24   259   5
18   49   5
182   379   5
492   404   5
262   65   5
105   404   5
215   200   5
412   171   1
57   29   5
194   93   5
47   242   5
167   276   5
239   396   5
204   488   5
352   39   5
487   177   5
266   290   5
476   477   5
208   252   5
423   93   5
67   39   5
43   93   5
368   404   5
383   178   5
301   461   5
210   29   5
151   242   5
309   290   5
161   178   5
78   72   5
5   276   5
161   39   5
413   276   5
28   379   5
28   461   5
168   93   5
84   290   5
339   159   5
414   251   5
193   348   5
408   348   5
30   200   5
442   482   5
151   123   5
107   268   5
437   509   5
371   485   5
387   282   5
9   39   5
329   200   5
492   123   5
506   482   5
324   411   5
87   259   5
88   509   5
112   482   5
356   411   5
321   93   5
82   242   5
77   276   5
339   411   5
79   123   5
169   282   5
510   404   5
262   501   5
74   379   5
445   202   5
389   404   5
157   444   5
48   485   5
215   159   5
147   252   5
22   319   5
246   485   5
275   185   5
116   482   5
42   268   5
105   49   5
163   29   5
238   411   5
3   265   5
42   185   5
138   482   5
184   282   5
263   485   5
186   178   5
441   202   5
118   399   5
51   482   5
406   411   5
132   403   0
228   123   5
144   251   5
78   485   5
76   200   5
189   185   5
45   415   5
465   385   5
43   379   5
76   444   5
306   399   5
17   348   5
134   15   5
181   444   5
497   178   5
313   49   5
405   319   5
220   65   5
316   418   5
281   159   5
430   15   5
153   415   5
502   485   5
207   345   5
475   159   5
14   93   5
302   379   5
484   282   5
23   461   5
225   259   5
452   290   5
71   259   5
446   185   5
389   418   5
372   15   5
364   93   5
81   276   5
13   282   5
2   477   5
127   39   5
273   265   5
423   268   5
6   93   5
194   72   5
148   292   5
502   345   5
513   159   4
267   252   5
324   415   5
503   396   5
69   202   5
4   396   5
77   268   5
384   488   5
403   49   0
274   202   5
417   93   5
253   415   5
184   159   5
286   404   5
466   415   5
231   49   5
11   385   5
23   49   5
4   319   5
241   396   5
255   319   5
84   485   5
116   404   5
141   252   5
43   252   5
227   418   5
44   477   5
179   488   5
85   202   5
46   29   5
253   488   5
307   276   5
274   185   5
313   185   5
181   159   5
392   259   5
156   49   5
287   123   5
31   477   5
506   177   5
196   509   5
309   185   5
157   202   5
353   15   5
30   282   5
154   65   5
210   178   5
294   482   5
360   159   5
476   49   5
383   345   5
517   348   5
208   385   5
296   282   5
395   444   5
205   461   5
60   93   5
420   252   5
253   404   5
241   482   5
17   482   5
313   200   5
197   396   5
424   200   5
489   171   2
235   185   5
327   444   5
211   396   5
491   292   5
384   65   5
453   178   5
246   200   5
143   15   5
248   265   5
409   276   5
166   29   5
492   202   5
310   385   5
314   93   5
481   399   5
307   242   5
176   200   5
91   282   5
285   348   5
377   399   5
394   39   5
285   265   5
206   396   5
192   488   5
352   159   5
477   376   2
101   415   5
441   72   5
55   415   5
273   348   5
114   488   5
129   411   5
481   177   5
463   477   5
316   200   5
228   93   5
470   29   5
465   39   5
370   404   5
296   276   5
450   404   5
462   65   5
233   123   5
472   385   5
470   385   5
28   202   5
211   461   5
48   72   5
510   72   5
496   265   5
176   72   5
286   418   5
217   282   5
192   65   5
372   399   5
40   29   5
54   461   5
291   411   5
243   15   5
325   29   5
144   185   5
87   379   5
357   159   5
141   461   5
487   477   5
155   399   5
13   200   5
264   379   5
366   202   5
25   200   5
180   282   5
383   399   5
328   200   5
231   319   5
55   488   5
334   444   5
430   200   5
402   49   5
264   385   5
351   415   5
51   509   5
186   319   5
427   265   5
305   15   5
361   259   5
229   72   5
76   411   5
186   185   5
66   268   5
3   385   5
5   123   5
237   379   5
466   509   5
4   399   5
163   178   5
504   159   5
226   265   5
333   65   5
74   282   5
269   282   5
281   200   5
9   268   5
451   461   5
473   290   5
41   348   5
374   319   5
275   444   5
105   15   5
153   251   5
169   379   5
135   242   5
506   290   5
228   482   5
8   348   5
46   93   5
417   396   5
54   396   5
257   461   5
107   185   5
510   200   5
99   259   5
152   202   5
330   185   5
332   265   5
370   282   5
437   200   5
163   379   5
492   159   5
254   159   5
97   444   5
454   268   5
132   93   0
187   29   5
184   265   5
115   276   5
194   396   5
184   49   5
60   385   5
95   252   5
28   404   5
222   319   5
517   488   5
436   415   5
88   348   5
105   485   5
353   485   5
27   399   5
57   444   5
95   418   5
450   202   5
146   485   5
469   123   5
372   72   5
3   39   5
483   290   5
174   399   5
43   404   5
207   72   5
413   477   5
338   65   5
358   276   5
258   399   5
457   159   5
405   39   5
357   93   5
35   177   5
38   49   5
91   268   5
471   159   5
349   159   5
77   396   5
232   488   5
82   290   5
187   93   5
284   259   5
398   15   5
456   202   5
343   200   5
56   418   5
402   404   5
112   39   5
435   509   5
153   477   5
450   345   5
430   123   5
351   200   5
22   282   5
518   461   5
285   93   5
217   488   5
19   177   5
32   444   5
156   482   5
6   501   5
42   251   5
273   485   5
125   411   5
318   404   5
322   178   5
167   65   5
99   268   5
359   418   5
369   185   5
112   159   5
260   444   5
298   251   5
338   15   5
213   268   5
179   72   5
430   509   5
288   265   5
293   477   5
515   488   5
351   290   5
192   444   5
140   191   2
409   200   5
476   200   5
76   485   5
311   461   5
45   348   5
6   49   5
261   348   5
472   319   5
48   488   5
406   29   5
47   39   5
436   123   5
46   509   5
30   415   5
491   242   5
420   379   5
264   348   5
277   15   5
306   123   5
96   319   5
402   268   5
420   418   5
56   202   5
27   482   5
141   72   5
214   418   5
163   72   5
150   202   5
222   259   5
483   185   5
395   29   5
374   39   5
226   185   5
426   415   5
457   477   5
14   276   5
144   379   5
456   93   5
128   485   5
313   123   5
53   178   5
108   177   5
272   177   5
46   259   5
506   348   5
359   477   5
121   177   5
262   444   5
9   177   5
11   396   5
504   123   5
295   461   5
228   385   5
132   480   2
324   93   5
460   509   5
60   15   5
359   252   5
247   252   5
502   200   5
36   399   5
355   399   5
207   404   5
55   259   5
327   482   5
254   385   5
217   265   5
463   159   5
215   290   5
182   72   5
484   72   5
272   444   5
155   444   5
454   385   5
18   482   5
484   200   5
203   276   5
446   282   5
456   251   5
349   348   5
77   159   5
309   123   5
294   200   5
323   199   0
34   265   5
291   259   5
55   404   5
321   319   5
213   509   5
71   268   5
205   185   5
119   385   5
87   418   5
414   501   5
260   39   5
154   485   5
288   177   5
179   282   5
115   251   5
21   224   1
512   319   5
471   72   5
128   15   5
364   415   5
494   348   5
507   399   5
7   411   5
244   418   5
324   159   5
420   404   5
295   93   5
361   385   5
30   276   5
79   485   5
152   282   5
395   477   5
355   411   5
367   178   5
295   268   5
166   202   5
294   276   5
398   177   5
502   482   5
246   123   5
57   268   5
37   259   5
12   29   5
405   251   5
518   39   5
70   29   5
331   282   5
281   345   5
54   482   5
264   501   5
182   399   5
48   242   5
273   276   5
210   482   5
67   202   5
505   477   5
271   159   5
229   29   5
214   185   5
354   276   5
153   501   5
227   415   5
516   242   5
365   123   5
287   93   5
157   282   5
25   39   5
8   396   5
223   482   5
231   276   5
51   265   5
258   348   5
151   202   5
244   29   5
23   72   5
443   65   5
225   485   5
61   488   5
275   276   5
366   65   5
453   415   5
8   345   5
412   130   1
187   123   5
32   461   5
491   485   5
507   72   5
27   404   5
138   418   5
511   477   5
471   348   5
220   29   5
437   415   5
326   15   5
3   319   5
369   265   5
44   396   5
261   49   5
20   259   5
8   399   5
333   265   5
493   348   5
84   251   5
199   290   4
43   202   5
92   259   5
77   418   5
228   488   5
20   72   5
352   185   5
106   282   5
44   72   5
228   185   5
169   242   5
163   93   5
146   290   5
295   39   5
356   159   5
280   345   5
427   268   5
321   411   5
234   200   5
417   404   5
28   252   5
506   39   5
217   39   5
79   265   5
378   265   5
475   444   5
120   276   5
265   391   2
313   276   5
56   39   5
27   444   5
25   290   5
14   123   5
258   15   5
325   265   5
512   159   5
358   185   5
76   290   5
220   444   5
184   290   5
52   177   5
237   93   5
256   15   5
472   415   5
166   177   5
31   268   5
492   242   5
52   159   5
150   509   5
238   399   5
162   259   5
134   411   5
364   159   5
14   282   5
408   482   5
9   385   5
248   396   5
84   379   5
339   65   5
179   411   5
192   15   5
503   488   5
387   399   5
6   242   5
374   29   5
225   265   5
63   200   5
38   276   5
122   276   5
387   29   5
2   93   5
387   93   5
414   259   5
274   385   5
204   29   5
424   159   5
381   268   5
58   509   5
384   461   5
175   250   4
336   259   5
425   290   5
43   485   5
174   488   5
284   385   5
407   444   5
51   177   5
253   177   5
329   178   5
474   259   5
297   259   5
245   482   5
160   178   5
144   509   5
231   404   5
107   65   5
205   65   5
99   202   5
407   65   5
328   501   5
436   477   5
352   509   5
244   276   5
253   259   5
153   177   5
358   404   5
8   202   5
122   123   5
475   177   5
173   93   5
446   415   5
119   49   5
443   29   5
166   39   5
387   418   5
484   396   5
179   200   5
126   185   5
175   399   4
334   348   5
335   485   5
23   15   5
435   418   5
290   142   2
452   379   5
291   477   5
395   177   5
424   379   5
122   290   5
434   200   5
246   509   5
42   461   5
112   461   5
254   404   5
11   178   5
132   477   0
76   123   5
435   282   5
193   15   5
153   259   5
497   259   5
297   282   5
325   348   5
247   159   5
333   415   5
434   29   5
261   159   5
237   265   5
3   252   5
253   29   5
253   345   5
458   65   5
5   415   5
298   488   5
254   178   5
355   242   5
466   411   5
194   482   5
118   482   5
219   415   5
384   485   5
298   29   5
332   259   5
187   72   5
129   15   5
237   319   5
459   415   5
155   276   5
360   348   5
214   501   5
87   282   5
5   242   5
362   421   1
366   477   5
309   385   5
23   252   5
215   379   5
70   482   5
472   200   5
237   482   5
517   477   5
307   319   5
75   251   5
234   282   5
400   268   5
11   348   5
35   477   5
306   319   5
167   265   5
227   319   5
490   411   5
95   501   5
135   418   5
269   292   5
293   348   5
456   268   5
144   319   5
167   461   5
321   477   5
253   49   5
368   177   5
37   415   5
275   15   5
518   415   5
328   411   5
472   282   5
306   415   5
180   477   5
384   404   5
2   123   5
180   268   5
253   396   5
437   251   5
304   65   5
481   485   5
22   477   5
503   159   5
192   477   5
496   159   5
221   509   5
53   477   5
321   282   5
386   123   5
420   276   5
463   29   5
388   411   5
222   65   5
349   15   5
311   177   5
160   265   5
141   379   5
162   242   5
277   404   5
490   444   5
343   348   5
357   488   5
405   268   5
322   345   5
16   159   5
170   200   5
226   49   5
76   49   5
318   72   5
113   290   5
434   178   5
388   418   5
358   399   5
172   488   5
258   265   5
295   251   5
321   268   5
151   259   5
190   396   5
332   178   5
339   72   5
409   177   5
203   268   5
120   501   5
61   276   5
351   477   5
363   177   5
144   200   5
8   177   5
221   265   5
293   292   5
380   268   5
451   415   5
408   251   5
232   415   5
145   345   5
62   282   5
182   404   5
400   200   5
402   185   5
310   65   5
299   345   5
79   178   5
210   385   5
516   65   5
70   200   5
443   319   5
158   72   5
407   348   5
51   348   5
262   268   5
92   123   5
25   65   5
8   159   5
491   276   5
64   379   5
446   488   5
278   202   5
497   282   5
137   418   5
61   385   5
232   265   5
248   461   5
425   159   5
325   93   5
78   379   5
157   251   5
173   418   5
41   15   5
430   177   5
180   276   5
120   444   5
201   200   5
99   177   5
50   482   5
204   396   5
257   185   5
20   418   5
343   485   5
81   39   5
35   185   5
477   1   2
275   411   5
206   319   5
417   29   5
324   509   5
235   276   5
187   265   5
262   411   5
75   282   5
14   49   5
429   482   5
107   177   5
44   178   5
245   159   5
222   379   5
330   415   5
61   177   5
249   509   5
55   509   5
427   39   5
84   345   5
232   202   5
208   418   5
218   348   5
122   265   5
135   268   5
67   65   5
50   177   5
475   123   5
209   399   5
457   482   5
414   319   5
127   290   5
124   418   5
135   477   5
22   93   5
184   485   5
226   276   5
284   200   5
306   348   5
26   415   5
366   268   5
82   259   5
107   290   5
122   29   5
108   461   5
90   185   5
119   242   5
46   200   5
120   319   5
310   292   5
288   185   5
152   29   5
101   202   5
4   252   5
32   177   5
81   396   5
284   265   5
138   404   5
463   123   5
285   345   5
318   345   5
9   200   5
222   276   5
69   485   5
197   485   5
107   485   5
501   171   2
409   39   5
426   404   5
346   290   5
115   159   5
67   485   5
77   123   5
55   15   5
402   444   5
234   178   5
52   396   5
313   404   5
321   488   5
135   396   5
158   348   5
506   159   5
389   202   5
118   348   5
167   488   5
2   177   5
137   290   5
296   477   5
331   15   5
394   276   5
430   292   5
233   488   5
361   93   5
296   93   5
80   418   5
382   185   5
274   461   5
517   49   5
64   319   5
87   319   5
218   185   5
176   15   5
511   396   5
139   59   2
293   396   5
324   265   5
0   404   5
434   72   5
310   348   5
448   385   5
134   348   5
47   379   5
512   123   5
465   93   5
111   345   5
17   282   5
273   404   5
184   15   5
172   319   5
58   15   5
387   65   5
97   49   5
167   415   5
126   290   5
207   485   5
293   39   5
132   49   0
445   379   5
424   268   5
111   200   5
491   290   5
312   39   5
55   202   5
41   461   5
12   265   5
75   399   5
456   29   5
79   477   5
47   482   5
441   259   5
453   93   5
81   488   5
441   411   5
188   276   5
34   39   5
79   251   5
66   29   5
355   15   5
134   39   5
63   282   5
504   65   5
203   461   5
399   315   2
436   396   5
476   65   5
309   319   5
262   282   5
429   282   5
270   345   5
459   200   5
104   178   5
424   396   5
263   39   5
475   251   5
382   178   5
297   72   5
358   15   5
359   379   5
427   477   5
288   65   5
275   39   5
274   177   5
361   379   5
5   15   5
86   29   5
41   159   5
232   177   5
382   501   5
188   29   5
456   259   5
87   93   5
196   178   5
197   268   5
112   488   5
46   396   5
357   268   5
298   93   5
504   477   5
273   319   5
143   461   5
335   178   5
307   461   5
382   290   5
43   418   5
333   282   5
124   177   5
384   185   5
358   242   5
294   345   5
204   123   5
293   415   5
513   477   4
275   202   5
353   379   5
393   348   5
343   276   5
115   200   5
136   93   5
225   345   5
463   268   5
398   461   5
74   461   5
198   252   5
258   418   5
377   348   5
517   178   5
312   185   5
505   72   5
310   488   5
87   39   5
258   290   5
446   444   5
462   276   5
189   477   5
172   485   5
201   396   5
42   282   5
369   268   5
5   488   5
474   178   5
506   488   5
187   399   5
122   159   5
350   93   5
288   399   5
511   348   5
71   396   5
79   29   5
254   485   5
309   159   5
204   345   5
19   282   5
430   29   5
165   282   5
309   265   5
430   319   5
121   39   5
234   444   5
278   292   5
364   268   5
160   185   5
491   415   5
365   411   5
492   93   5
151   415   5
7   65   5
40   477   5
247   65   5
137   259   5
169   29   5
304   399   5
41   93   5
439   348   5
370   72   5
387   202   5
317   39   5
215   396   5
364   411   5
71   242   5
3   345   5
366   444   5
81   185   5
122   72   5
388   200   5
17   159   5
293   159   5
116   123   5
450   385   5
227   509   5
262   242   5
67   276   5
414   29   5
88   185   5
314   348   5
317   200   5
206   488   5
352   200   5
115   49   5
386   482   5
244   159   5
